2 0.5 0.4305555555555556 0.14375 0.125
8 0.3546875 0.3055555555555556 0.14375 0.12777777777777777
1 0.640625 0.43333333333333335 0.14375 0.125
0 0.3546875 0.43333333333333335 0.1453125 0.125
9 0.6421875 0.3055555555555556 0.14375 0.12777777777777777
7 0.303125 0.6666666666666666 0.075 0.30277777777777776
6 0.50625 0.3972222222222222 0.0578125 0.20277777777777778
3 0.5015625 0.3 0.14375 0.12777777777777777
4 0.5046875 0.6888888888888889 0.1859375 0.06944444444444445
5 0.5 0.6777777777777778 0.025 0.03611111111111111
5 0.0328125 0.925 0.028125 0.058333333333333334