2 0.5 0.4305555555555556 0.146875 0.125
8 0.35 0.30277777777777776 0.1453125 0.13055555555555556
0 0.3515625 0.4305555555555556 0.146875 0.12777777777777777
1 0.6421875 0.43333333333333335 0.1453125 0.125
9 0.65 0.30277777777777776 0.1453125 0.13055555555555556
7 0.309375 0.6694444444444444 0.0734375 0.30833333333333335
6 0.5078125 0.3972222222222222 0.0578125 0.20277777777777778
3 0.4984375 0.3 0.1484375 0.13333333333333333
4 0.503125 0.6916666666666667 0.190625 0.07222222222222222
5 0.5 0.6805555555555556 0.025 0.03611111111111111
5 0.03125 0.9222222222222223 0.0265625 0.05