2 0.4953125 0.42777777777777776 0.1546875 0.12777777777777777
8 0.3390625 0.29444444444444445 0.1484375 0.14166666666666666
9 0.65625 0.29444444444444445 0.1578125 0.14166666666666666
1 0.6546875 0.42777777777777776 0.1578125 0.12777777777777777
7 0.33125 0.6694444444444444 0.078125 0.3
0 0.340625 0.4305555555555556 0.1484375 0.12777777777777777
6 0.5046875 0.3888888888888889 0.065625 0.21944444444444444
3 0.4953125 0.2916666666666667 0.1578125 0.14166666666666666
4 0.503125 0.7083333333333334 0.2046875 0.075
5 0.5 0.6916666666666667 0.0234375 0.03333333333333333
5 0.5015625 0.6944444444444444 0.0234375 0.03333333333333333
5 0.0328125 0.9222222222222223 0.028125 0.05555555555555555