2 0.5 0.44166666666666665 0.146875 0.11388888888888889
7 0.28125 0.675 0.065625 0.32222222222222224
6 0.5 0.4083333333333333 0.053125 0.18888888888888888
8 0.3578125 0.31666666666666665 0.128125 0.12777777777777777
0 0.3578125 0.44166666666666665 0.1296875 0.11388888888888889
3 0.4984375 0.3194444444444444 0.146875 0.13055555555555556
9 0.640625 0.31666666666666665 0.134375 0.13055555555555556
1 0.640625 0.44166666666666665 0.1328125 0.11388888888888889
5 0.7265625 0.44166666666666665 0.021875 0.030555555555555555
5 0.5015625 0.6666666666666666 0.01875 0.030555555555555555
4 0.5 0.675 0.04375 0.019444444444444445