4 0.496875 0.42777777777777776 0.1515625 0.125
3 0.6546875 0.425 0.1546875 0.12777777777777777
9 0.325 0.6694444444444444 0.075 0.3
7 0.653125 0.3 0.1546875 0.1361111111111111
6 0.34375 0.2972222222222222 0.1484375 0.1361111111111111
2 0.3453125 0.42777777777777776 0.146875 0.13055555555555556
5 0.5 0.29444444444444445 0.153125 0.14166666666666666
8 0.5046875 0.3888888888888889 0.0625 0.21944444444444444
1 0.5 0.6888888888888889 0.0234375 0.03333333333333333
1 0.5015625 0.6916666666666667 0.0234375 0.03333333333333333
0 0.5015625 0.7 0.196875 0.07222222222222222