4 0.4953125 0.42777777777777776 0.15625 0.12777777777777777
3 0.65625 0.425 0.1578125 0.12777777777777777
7 0.65625 0.29444444444444445 0.159375 0.14444444444444443
9 0.3359375 0.6722222222222223 0.0765625 0.30277777777777776
6 0.340625 0.28888888888888886 0.1484375 0.14166666666666666
8 0.5015625 0.3888888888888889 0.0703125 0.21666666666666667
2 0.340625 0.43333333333333335 0.146875 0.125
0 0.503125 0.7111111111111111 0.209375 0.07777777777777778
5 0.496875 0.28888888888888886 0.159375 0.14722222222222223
1 0.5015625 0.6972222222222222 0.0234375 0.03611111111111111
1 0.5 0.6944444444444444 0.0234375 0.03611111111111111